yaw:-9.786421407706754
pitch:-5.148741325708195
roll:0
