yaw:-34.12667842297347
pitch:-16.155477580476962
roll:0
